# Selected beta points (L=64, delta_S=1.0)
0.1000
0.1109
0.1217
0.1325
0.1432
0.1538
0.1643
0.1747
0.1850
0.1952
0.2053
0.2153
0.2252
0.2350
0.2447
0.2543
0.2638
0.2732
0.2824
0.2915
0.3005
0.3094
0.3181
0.3267
0.3352
0.3435
0.3517
0.3597
0.3676
0.3753
0.3828
0.3902
0.3974
0.4044
0.4112
0.4178
0.4242
0.4303
0.4362
0.4419
0.4474
0.4529
0.4586
0.4646
0.4711
0.4780
0.4854
0.4933
0.5018
0.5108
0.5204
0.5307
0.5417
0.5535
0.5661
0.5797
0.5944
0.6103
0.6276
0.6466
0.6675
0.6907
0.7167
0.7462
0.7801
0.8199
0.8677
0.9274
1.0000
