64 0.1 2879.783314177725 -7.030720981879211
64 0.1109 2889.2235273746064 -6.360476444886754
64 0.1217 2899.5806763166793 -5.816807219012956
64 0.1325 2910.9490786283964 -5.363629640751025
64 0.1432 2923.222844423211 -4.983781091143579
64 0.1538 2936.388109784656 -4.661193942557833
64 0.1643 2950.4317734733177 -4.384176854507816
64 0.1747 2965.34145273876 -4.144020123698047
64 0.185 2981.105444155794 -3.934102412578909
64 0.1952 2997.7126896351115 -3.7493004591083356
64 0.2053 3015.1527475352054 -3.58558829154268
64 0.2153 3033.415769158654 -3.4397585776463053
64 0.2252 3052.4924807207917 -3.30922478708248
64 0.235 3072.374171118653 -3.191878086684106
64 0.2447 3093.0526859276665 -3.0859820837773158
64 0.2543 3114.5204280882085 -2.9900942347177457
64 0.2638 3136.770365955745 -2.903006359461389
64 0.2732 3159.7960496183077 -2.8236990571974547
64 0.2824 3183.330304610713 -2.7520547101597024
64 0.2915 3207.607014444887 -2.6864740352005447
64 0.3005 3232.6210801030843 -2.626336542045065
64 0.3094 3258.3680986790127 -2.571105443088416
64 0.3181 3284.537761885159 -2.520871116072757
64 0.3267 3311.410253595024 -2.4745937218980645
64 0.3352 3338.9830095326247 -2.4319254141159785
64 0.3435 3366.91181909396 -2.3930129718587665
64 0.3517 3395.513974419248 -2.357073937762153
64 0.3597 3424.4218432344405 -2.32427158485101
64 0.3676 3453.9788348724933 -2.29395144581758
64 0.3753 3483.793520220173 -2.2662817143551908
64 0.3828 3513.829820046487 -2.24103607212588
64 0.3902 3544.4731472383055 -2.217708583963293
64 0.3974 3575.2957783640422 -2.196464383215045
64 0.4044 3606.264939520976 -2.177140890826504
64 0.4112 3637.349534416942 -2.1595933576751243
64 0.4178 3668.520807714968 -2.1436930656319704
64 0.4242 3699.7532443695304 -2.129325953385561
64 0.4303 3730.512862044299 -2.11659247434356
64 0.4362 3761.2608062516006 -2.1051732325223975
64 0.4419 3791.9783459961072 -2.0949897338265577
64 0.4474 3822.631989996941 -2.085962814445344
64 0.4529 3854.3156914711517 -2.0777104037603755
64 0.4586 3888.2039232404773 -2.069927029976847
64 0.4646 3924.925093586103 -2.062491746505154
64 0.4711 3965.7668022416365 -2.055200139468318
64 0.478 4010.1669224065804 -2.0482105832440776
64 0.4854 4058.824585133325 -2.041458531066781
64 0.4933 4111.809137619387 -2.0349881466432356
64 0.5018 4169.869249398824 -2.0287654139428253
64 0.5108 4232.388224968999 -2.022901148172615
64 0.5204 4300.114346866513 -2.0173570411519166
64 0.5307 4373.825516681977 -2.012113237768393
64 0.5417 4453.593525235663 -2.0072052921303087
64 0.5535 4540.2121052038765 -2.002620092135574
64 0.5661 4633.745328342557 -1.99838452667794
64 0.5797 4735.746640919489 -1.9944594527440656
64 0.5944 4847.04706994418 -1.9908497662526763
64 0.6103 4968.480831174866 -1.9875602415591533
64 0.6276 5101.65420987053 -1.9845778319497647
64 0.6466 5248.968646829043 -1.9818844510396643
64 0.6675 5412.07139304602 -1.9794853819368927
64 0.6907 5594.182881760989 -1.9773668815946563
64 0.7167 5799.337936327871 -1.9755183317445189
64 0.7462 6033.182277414107 -1.9739277565623206
64 0.7801 6302.9842502164665 -1.9725862251160164
64 0.8199 6620.8346803431805 -1.971477883742724
64 0.8677 7003.679734223124 -1.9705920797661258
64 0.9274 7482.964220091146 -1.9699111079854323
64 1.0 8066.854040056799 -1.969446787123242
