beta         AMIS_Cv        
----------------------------
0.100000     0.02026805     
0.110000     0.02482414     
0.120000     0.02992166     
0.130000     0.03569694     
0.140000     0.04200085     
0.150000     0.04872877     
0.160000     0.05600921     
0.170000     0.06417263     
0.180000     0.07286685     
0.190000     0.08287009     
0.200000     0.09388672     
0.210000     0.10598664     
0.220000     0.11843706     
0.230000     0.13238847     
0.240000     0.14721336     
0.250000     0.16387721     
0.260000     0.18140492     
0.270000     0.19984011     
0.280000     0.22095502     
0.290000     0.24453154     
0.300000     0.26999021     
0.310000     0.29787696     
0.320000     0.32856459     
0.330000     0.36254244     
0.340000     0.40039226     
0.350000     0.44451031     
0.360000     0.49363132     
0.370000     0.54274636     
0.380000     0.59862926     
0.390000     0.66764596     
0.400000     0.74756798     
0.410000     0.84522334     
0.420000     0.96068454     
0.430000     1.08562864     
0.440000     1.22864850     
0.440100     1.23019584     
0.440200     1.23020383     
0.440300     1.22838169     
0.440400     1.23242264     
0.440500     1.23080288     
0.440600     1.23372508     
0.440700     1.23570310     
0.440800     1.23522204     
0.440900     1.23834259     
0.441000     1.23954119     
0.441100     1.24168418     
0.441200     1.24389976     
0.441300     1.24493312     
0.441400     1.24512018     
0.441500     1.24544308     
0.441600     1.24806463     
0.441700     1.25293211     
0.441800     1.25129008     
0.441900     1.25062715     
0.442000     1.25290608     
0.442100     1.25546122     
0.442200     1.25518846     
0.442300     1.25710733     
0.442400     1.25818558     
0.442500     1.26024455     
0.442600     1.25975292     
0.442700     1.26202128     
0.442800     1.26362794     
0.442900     1.26486087     
0.443000     1.26782483     
0.443100     1.26599533     
0.443200     1.27020234     
0.443300     1.27226754     
0.443400     1.27257388     
0.443500     1.27203278     
0.443600     1.27461246     
0.443700     1.27555237     
0.443800     1.27798516     
0.443900     1.28041940     
0.444000     1.27928982     
0.444100     1.28305207     
0.444200     1.28116014     
0.444300     1.28453800     
0.444400     1.28328564     
0.444500     1.28600117     
0.444600     1.28956565     
0.444700     1.28744149     
0.444800     1.28802454     
0.444900     1.29057293     
0.445000     1.29602410     
0.445100     1.29478962     
0.445200     1.29535867     
0.445300     1.29340350     
0.445400     1.29693349     
0.445500     1.29884623     
0.445600     1.29759884     
0.445700     1.30210940     
0.445800     1.30272707     
0.445900     1.30411581     
0.446000     1.30454618     
0.446100     1.30399771     
0.446200     1.30204502     
0.446300     1.30625670     
0.446400     1.30784653     
0.446500     1.31101483     
0.446600     1.31037530     
0.446700     1.31318126     
0.446800     1.31730833     
0.446900     1.31474639     
0.447000     1.31562219     
0.447100     1.31957409     
0.447200     1.31896417     
0.447300     1.31784300     
0.447400     1.31960707     
0.447500     1.32125234     
0.447600     1.32008482     
0.447700     1.32201362     
0.447800     1.32554935     
0.447900     1.32961846     
0.448000     1.32577093     
0.448100     1.32851496     
0.448200     1.32907230     
0.448300     1.33017536     
0.448400     1.32953172     
0.448500     1.33253753     
0.448600     1.33275151     
0.448700     1.33231701     
0.448800     1.33728109     
0.448900     1.33617302     
0.449000     1.33749277     
0.449100     1.33797980     
0.449200     1.34017238     
0.449300     1.34038540     
0.449400     1.34177416     
0.449500     1.34303394     
0.449600     1.34113436     
0.449700     1.34487514     
0.449800     1.34296222     
0.449900     1.34569431     
0.450000     1.34216847     
0.450100     1.34556155     
0.450200     1.35032186     
0.450300     1.35264562     
0.450400     1.34793954     
0.450500     1.35172424     
0.450600     1.35096122     
0.450700     1.35017822     
0.450800     1.35843202     
0.450900     1.35671832     
0.451000     1.35244018     
0.451100     1.35844206     
0.451200     1.35870014     
0.451300     1.35592897     
0.451400     1.35433950     
0.451500     1.35989500     
0.451600     1.36086031     
0.451700     1.35826415     
0.451800     1.36149195     
0.451900     1.36071611     
0.452000     1.36074970     
0.452100     1.36356955     
0.452200     1.36579012     
0.452300     1.36764583     
0.452400     1.36541304     
0.452500     1.36837096     
0.452600     1.36606336     
0.452700     1.36692083     
0.452800     1.36801247     
0.452900     1.36943075     
0.453000     1.36702439     
0.453100     1.37193483     
0.453200     1.37096126     
0.453300     1.36990767     
0.453400     1.37014933     
0.453500     1.37270380     
0.453600     1.37402896     
0.453700     1.37240602     
0.453800     1.37466575     
0.453900     1.37335151     
0.454000     1.37793845     
0.454100     1.37647970     
0.454200     1.37922846     
0.454300     1.37807650     
0.454400     1.38032560     
0.454500     1.37638635     
0.454600     1.37833826     
0.454700     1.37831476     
0.454800     1.37831285     
0.454900     1.37742317     
0.455000     1.37931226     
0.455100     1.37909838     
0.455200     1.37844542     
0.455300     1.38114006     
0.455400     1.38300798     
0.455500     1.38330951     
0.455600     1.38385319     
0.455700     1.38161456     
0.455800     1.38342801     
0.455900     1.38075898     
0.456000     1.38546257     
0.456100     1.38338616     
0.456200     1.38482613     
0.456300     1.38598343     
0.456400     1.38517965     
0.456500     1.38725610     
0.456600     1.38423155     
0.456700     1.38468978     
0.456800     1.38680522     
0.456900     1.38790354     
0.457000     1.38814176     
0.457100     1.38354200     
0.457200     1.38900082     
0.457300     1.38605356     
0.457400     1.38883046     
0.457500     1.38890900     
0.457600     1.38928453     
0.457700     1.38742576     
0.457800     1.38751970     
0.457900     1.38977583     
0.458000     1.38946957     
0.458100     1.38998813     
0.458200     1.38985248     
0.458300     1.38977973     
0.458400     1.38812794     
0.458500     1.39013989     
0.458600     1.38867056     
0.458700     1.39026825     
0.458800     1.38929502     
0.458900     1.39118376     
0.459000     1.38929863     
0.459100     1.38937896     
0.459200     1.38773814     
0.459300     1.38823320     
0.459400     1.38862762     
0.459500     1.38879594     
0.459600     1.38730391     
0.459700     1.38770273     
0.459800     1.39177297     
0.459900     1.38762681     
0.460000     1.38602264     
0.470000     1.32472126     
0.480000     1.19727490     
0.490000     1.06259428     
0.500000     0.94456100     
0.510000     0.85094695     
0.520000     0.76841583     
0.530000     0.69833533     
0.540000     0.64138093     
0.550000     0.58874403     
0.560000     0.54224315     
0.570000     0.50138186     
0.580000     0.46374123     
0.590000     0.43214851     
0.600000     0.40398513     
0.610000     0.37706812     
0.620000     0.35198056     
0.630000     0.33026614     
0.640000     0.30800394     
0.650000     0.28883500     
0.660000     0.27031519     
0.670000     0.25379491     
0.680000     0.23876559     
0.690000     0.22411051     
0.700000     0.21081102     
0.710000     0.19873928     
0.720000     0.18679866     
0.730000     0.17587364     
0.740000     0.16612787     
0.750000     0.15615901     
0.760000     0.14755344     
0.770000     0.13867316     
0.780000     0.13059925     
0.790000     0.12321070     
0.800000     0.11603152     
0.810000     0.10897888     
0.820000     0.10280214     
0.830000     0.09681451     
0.840000     0.09116276     
0.850000     0.08596205     
0.860000     0.08118401     
0.870000     0.07654708     
0.880000     0.07232613     
0.890000     0.06825699     
0.900000     0.06446674     
0.910000     0.06086035     
0.920000     0.05765029     
0.930000     0.05468197     
0.940000     0.05154343     
0.950000     0.04879471     
0.960000     0.04619204     
0.970000     0.04361102     
0.980000     0.04133719     
0.990000     0.03910701     
1.000000     0.03699596     
